X: 8630, Y: 21349, Len: 673, D: M8630 21349 c-48 -19 -130 -130 -130 -177 0 -10 -6 -27 -14 -38 -14 -19 -15 -19 -44 3 -39 29 -165 67 -...
X: 13274, Y: 20651, Len: 820, D: M13274 20651 c-22 -10 -56 -32 -76 -50 -44 -38 -64 -39 -101 -3 -24 23 -37 27 -82 27 -46 0 -59 -4 -82 ...
X: 15484, Y: 19741, Len: 233, D: M15484 19741 c-39 -24 -61 -55 -75 -104 -15 -56 17 -118 75 -146 23 -12 53 -21 67 -21 66 2 139 80 139 ...
X: 10610, Y: 19579, Len: 214, D: M10610 19579 c-21 -5 -49 -23 -72 -48 -33 -35 -38 -46 -38 -89 0 -43 4 -52 43 -89 70 -69 149 -65 212 9...
X: 3959, Y: 18067, Len: 871, D: M3959 18067 c-19 -12 -52 -46 -73 -75 -43 -57 -63 -64 -103 -32 -17 13 -41 20 -68 20 -37 0 -47 -5 -80 ...
X: 10249, Y: 17820, Len: 1803, D: M10249 17820 c-41 -22 -84 -64 -102 -100 -17 -34 -43 -36 -81 -9 -43 32 -92 31 -122 -5 -13 -15 -24 -38...
X: 17638, Y: 17743, Len: 691, D: M17638 17743 c-10 -2 -34 -28 -55 -56 -37 -50 -38 -54 -39 -142 0 -101 -8 -110 -66 -80 -18 9 -60 19 -9...
X: 5595, Y: 17741, Len: 189, D: M5595 17741 c-54 -32 -85 -78 -85 -124 0 -78 61 -137 142 -137 39 0 54 6 82 30 83 73 67 194 -31 235 -4...
X: 19158, Y: 17510, Len: 232, D: M19158 17510 c-56 -30 -78 -64 -78 -122 0 -73 20 -103 89 -133 48 -21 76 -19 120 11 40 26 71 83 71 127...
X: 11938, Y: 17352, Len: 226, D: M11938 17352 c-49 -32 -68 -66 -68 -120 0 -43 5 -55 38 -92 33 -37 44 -43 87 -47 43 -4 56 -1 94 25 51 ...
X: 9138, Y: 17143, Len: 75, D: M9138 17143 c-21 -2 -38 -9 -38 -15 0 -13 124 -3 149 12 17 10 -33 11 -111 3z...
X: 21230, Y: 15819, Len: 579, D: M21230 15819 c-64 -25 -103 -98 -119 -224 -7 -56 6 -53 -131 -39 -130 12 -233 -55 -233 -152 0 -53 31 -...
X: 14383, Y: 15450, Len: 603, D: M14383 15450 c-42 -25 -73 -94 -80 -181 -3 -38 -10 -72 -15 -75 -5 -4 -45 -1 -89 6 -104 16 -160 7 -206...
X: 16212, Y: 15100, Len: 194, D: M16212 15100 c-32 -13 -69 -56 -82 -96 -16 -46 1 -94 46 -133 77 -68 150 -51 217 49 24 35 21 80 -9 124...
X: 7537, Y: 15096, Len: 590, D: M7537 15096 c-48 -21 -104 -83 -127 -141 -12 -29 -27 -56 -34 -58 -7 -3 -45 14 -85 37 -102 61 -141 72 ...
X: 9242, Y: 14820, Len: 169, D: M9242 14820 c-133 -31 -134 -235 0 -270 155 -42 252 182 110 254 -40 20 -73 24 -110 16z m66 -102 c28 -...
X: 17777, Y: 13370, Len: 574, D: M17777 13370 c-59 -52 -82 -110 -73 -184 3 -30 3 -57 -1 -59 -5 -3 -42 2 -83 10 -159 30 -265 -11 -284 ...
X: 3681, Y: 13303, Len: 666, D: M3681 13303 c-50 -49 -76 -132 -67 -209 3 -29 3 -55 -2 -57 -4 -3 -40 6 -81 19 -90 29 -119 30 -176 3 -...
X: 9660, Y: 12174, Len: 410, D: M9660 12174 c-51 -20 -113 -72 -145 -120 -24 -36 -45 -56 -63 -60 -49 -10 -52 -13 -52 -44 0 -31 3 -33 ...
X: 6420, Y: 12172, Len: 394, D: M6420 12172 c-61 -30 -132 -98 -151 -145 -8 -20 -27 -35 -56 -48 -56 -24 -55 -49 2 -67 31 -10 45 -22 6...
X: 12872, Y: 12170, Len: 411, D: M12872 12170 c-41 -17 -93 -62 -123 -107 -19 -27 -47 -51 -77 -66 -33 -15 -48 -29 -50 -45 -4 -30 14 -5...
X: 19315, Y: 12165, Len: 442, D: M19315 12165 c-44 -24 -95 -65 -95 -76 0 -21 -47 -72 -87 -96 -34 -20 -43 -31 -43 -53 0 -24 9 -33 54 -...
X: 16070, Y: 12159, Len: 425, D: M16070 12159 c-42 -25 -90 -69 -90 -82 0 -17 -51 -78 -60 -72 -5 3 -23 -1 -40 -10 -25 -13 -30 -22 -30 ...
X: 11070, Y: 11103, Len: 178, D: M11070 11103 c-87 -32 -126 -109 -95 -188 34 -89 157 -124 222 -64 75 71 68 169 -17 230 -27 19 -86 31 ...
X: 7437, Y: 10065, Len: 1040, D: M7437 10065 c-29 -22 -55 -53 -67 -81 -12 -25 -27 -47 -35 -50 -7 -3 -34 7 -60 21 -54 32 -103 30 -142 ...
X: 15585, Y: 8957, Len: 197, D: M15585 8957 c-41 -40 -45 -48 -45 -91 0 -104 111 -177 199 -131 52 26 81 71 81 123 0 86 -57 142 -146 1...
X: 13745, Y: 8863, Len: 1172, D: M13745 8863 c-32 -8 -121 -89 -135 -123 -15 -35 -32 -38 -67 -10 -81 63 -206 -25 -189 -133 6 -38 5 -43...
X: 21344, Y: 8330, Len: 1008, D: M21344 8330 c-43 -24 -68 -49 -121 -119 -2 -3 -28 3 -58 14 -46 15 -61 16 -93 7 -64 -19 -99 -90 -81 -1...
X: 23253, Y: 7366, Len: 178, D: M23253 7366 c-35 -16 -68 -62 -78 -108 -9 -40 26 -113 67 -138 150 -91 304 135 160 236 -32 22 -111 27 ...
X: 17486, Y: 7173, Len: 1102, D: M17486 7173 c-27 -7 -87 -46 -107 -69 -9 -11 -21 -32 -26 -49 -12 -38 -37 -43 -74 -16 -45 33 -79 36 -1...
X: 10411, Y: 7013, Len: 214, D: M10411 7013 c-38 -19 -68 -62 -77 -110 -9 -47 26 -115 71 -136 67 -32 115 -18 178 52 53 58 51 97 -6 15...
X: 5925, Y: 6761, Len: 159, D: M5925 6761 c-51 -31 -68 -58 -73 -115 -13 -161 163 -214 255 -77 76 113 -66 264 -182 192z m93 -103 c18...
X: 9060, Y: 6760, Len: 72, D: M9060 6760 c0 -11 24 -17 108 -24 69 -6 76 6 14 24 -47 13 -122 13 -122 0z...
X: 9260, Y: 6721, Len: 1220, D: M9260 6721 c0 -17 58 -32 182 -46 70 -7 132 -16 137 -19 5 -4 60 -13 121 -21 61 -8 136 -21 168 -29 31 ...
X: 4340, Y: 6676, Len: 1131, D: M4340 6676 c-25 -13 -63 -46 -85 -74 -22 -28 -46 -51 -54 -51 -7 -1 -26 10 -43 24 -45 38 -89 34 -139 -...
X: 18931, Y: 6543, Len: 230, D: M18931 6543 c-32 -6 -107 -83 -113 -117 -9 -47 10 -93 54 -131 65 -55 142 -46 202 25 21 25 26 42 26 84...
X: 16892, Y: 5209, Len: 1161, D: M16892 5209 c-54 -11 -106 -70 -133 -150 -24 -70 -24 -70 -74 -64 -45 6 -54 4 -92 -24 -57 -41 -72 -92 ...
X: 8384, Y: 4375, Len: 696, D: M8384 4375 c-27 -18 -74 -114 -74 -148 0 -15 10 -47 22 -72 26 -53 17 -82 -23 -77 -31 4 -176 -31 -215 ...
X: 15070, Y: 4274, Len: 225, D: M15070 4274 c-41 -35 -60 -74 -60 -125 0 -36 6 -48 44 -85 40 -41 47 -44 95 -44 46 0 56 4 96 41 75 69 ...
X: 12405, Y: 3181, Len: 213, D: M12405 3181 c-56 -33 -85 -78 -85 -127 0 -38 6 -51 38 -86 33 -35 46 -41 88 -45 64 -6 104 13 144 69 40...
X: 9234, Y: 2438, Len: 251, D: M9234 2438 c-21 -18 -46 -52 -56 -75 -17 -38 -17 -46 -5 -75 8 -18 31 -48 51 -66 50 -44 115 -45 172 -4...
